image: "./pista.pgm"
resolution: 0.050000
origin: [-109.7, -97.5, 0.000000]
negate: 0
occupied_thresh: 0.65
free_thresh: 0.196

